one_weak[1] = 1
one_epi[1] = 1
one_weak[2] = 14
one_epi[2] = 16
one_weak[3] = 1
one_epi[3] = 34
one_weak[4] = 0
one_epi[4] = 45
one_weak[5] = 0
one_epi[5] = 39
one_weak[6] = 0
one_epi[6] = 22
one_weak[7] = 0
one_epi[7] = 7
one_weak[8] = 0
one_epi[8] = 1
0.875000 0.029412 0.000000 0.000000 0.000000 0.000000 0.000000 
overall ratio = 0.091463
Complete